2 0.7759765625 0.5063263888888889 0.188671875 0.1647291666666667
2 0.919921875 0.47906944444444444 0.16015625 0.15536805555555558
2 0.2560546875 0.4499166666666667 0.062890625 0.08315972222222222
2 0.3765625 0.4521736111111111 0.05 0.056430555555555546
2 0.5181640625 0.4665763888888889 0.071484375 0.07482638888888889
4 0.472265625 0.4747291666666667 0.03828125 0.15015972222222224
2 0.5958984375 0.4592847222222222 0.078515625 0.08107638888888889
2 0.67109375 0.4580694444444445 0.06875 0.0890625
2 0.3390625 0.45061111111111113 0.0296875 0.056777777777777774
2 0.16630859375 0.44019444444444444 0.0298828125 0.04983333333333333
4 0.0806640625 0.44227777777777777 0.032421875 0.06788888888888889