4 0.62890625 0.6071736111111111 0.03125 0.23795833333333338
4 0.41572265625 0.5948402777777778 0.0560546875 0.3625972222222223
4 0.251953125 0.48459027777777774 0.22578125 0.9691736111111109
4 0.0638671875 0.6715555555555556 0.053515625 0.1625555555555555
4 0.74765625 0.5889166666666666 0.0734375 0.31949999999999995
4 0.8916015625 0.5011041666666667 0.068359375 0.22026388888888893
4 0.09462890625 0.5571805555555556 0.0232421875 0.14144444444444448
4 0.3205078125 0.5878958333333334 0.040234375 0.3077291666666666
0 0.74873046875 0.6514305555555555 0.1869140625 0.1945347222222223
4 0.05263671875 0.5354861111111111 0.0255859375 0.11540972222222226
4 0.016796875 0.6488333333333334 0.03359375 0.14975000000000008
4 0.51884765625 0.4910555555555556 0.0591796875 0.10640972222222224
2 0.14208984375 0.5625555555555556 0.0439453125 0.27720138888888896