2 0.58896484375 0.47925 0.0783203125 0.13835416666666667
2 0.7771484375 0.5066736111111111 0.198828125 0.14459722222222224
2 0.91796875 0.48670833333333335 0.1640625 0.15675000000000003
2 0.66572265625 0.4575486111111111 0.0794921875 0.08454861111111112
2 0.51318359375 0.4653611111111111 0.0751953125 0.09669444444444444
2 0.340234375 0.46119444444444446 0.06328125 0.08836805555555556
2 0.38046875 0.44974305555555555 0.0421875 0.05851388888888888
2 0.42890625 0.4547777777777778 0.040625 0.07899305555555555
4 0.1931640625 0.4830625 0.046484375 0.18070833333333336
4 0.08369140625 0.44800694444444444 0.0169921875 0.075875
2 0.301953125 0.4459236111111111 0.04921875 0.05781944444444444
2 0.14482421875 0.4348125 0.0259765625 0.04949305555555554
2 0.11376953125 0.43394444444444447 0.0224609375 0.037340277777777764