2 0.183984375 0.5658611111111111 0.15546875 0.20394444444444448
4 0.0703125 0.6493611111111112 0.03125 0.11747916666666672
4 0.025 0.6429375 0.05 0.14976388888888895
4 0.091015625 0.5610069444444444 0.01015625 0.09702083333333336
4 0.08046875 0.5759444444444445 0.0046875 0.010604166666666654
4 0.31728515625 0.5389583333333333 0.0404296875 0.2161041666666667
4 0.27275390625 0.43985416666666666 0.0044921875 0.0005347222222222096
4 0.75517578125 0.4969513888888889 0.0396484375 0.12515972222222224
4 0.0828125 0.5623958333333333 0.025 0.0997916666666667
4 0.52783203125 0.4741944444444445 0.1115234375 0.4233819444444443
4 0.40859375 0.49190972222222223 0.1015625 0.2990902777777778
4 0.65380859375 0.42212500000000003 0.1064453125 0.2775902777777778
4 0.2859375 0.5658611111111111 0.0328125 0.21783333333333338
4 0.9328125 0.4653541666666667 0.1 0.2494513888888889