2 0.686328125 0.5745486111111111 0.05234375 0.08937500000000004
2 0.6255859375 0.5120555555555556 0.051953125 0.07550694444444446
2 0.5580078125 0.4884513888888889 0.049609375 0.06995833333333334
2 0.46220703125 0.867736111111111 0.1099609375 0.15838194444444456
2 0.78359375 0.3950625 0.0359375 0.05679166666666665
2 0.823828125 0.3587847222222222 0.03046875 0.057145833333333305
2 0.8640625 0.32667361111111115 0.0328125 0.03806250000000004
2 0.8 0.31122222222222223 0.0296875 0.05229861111111115
2 0.8294921875 0.31243750000000003 0.030078125 0.04431944444444448
2 0.873046875 0.2818819444444445 0.02734375 0.052659722222222254
2 0.98486328125 0.26574305555555555 0.0302734375 0.051618055555555584