2 0.6619140625 0.7172361111111111 0.077734375 0.13169444444444436
2 0.68447265625 0.5842708333333333 0.0623046875 0.09493055555555559
2 0.721484375 0.48654166666666665 0.04453125 0.07655555555555556
2 0.66689453125 0.44540277777777776 0.0505859375 0.06719444444444443
2 0.60263671875 0.45061111111111113 0.0509765625 0.07066666666666666
2 0.69091796875 0.36590277777777774 0.0400390625 0.05402083333333331
2 0.75859375 0.4403680555555555 0.040625 0.0744861111111111
2 0.810546875 0.36798611111111107 0.03515625 0.058187499999999975
2 0.78916015625 0.33413194444444444 0.0294921875 0.056458333333333305
2 0.85283203125 0.33638888888888885 0.0318359375 0.05749999999999997
2 0.865625 0.3056666666666667 0.0359375 0.04119444444444448
2 0.97421875 0.25775694444444447 0.01875 0.042597222222222245