2 0.323046875 0.5103194444444444 0.13828125 0.17618750000000002
2 0.5947265625 0.5262847222222222 0.185546875 0.19423611111111114
2 0.77509765625 0.5068472222222222 0.1966796875 0.15536111111111112
2 0.91943359375 0.4870555555555556 0.1611328125 0.15050000000000002
2 0.51015625 0.46241666666666664 0.059375 0.06649305555555556
2 0.37900390625 0.4478333333333333 0.0451171875 0.05122222222222222
2 0.14638671875 0.44488194444444445 0.0525390625 0.048791666666666664
4 0.0353515625 0.4816666666666667 0.058984375 0.24736805555555558
4 0.090234375 0.4499166666666667 0.01640625 0.08315972222222222
2 0.42646484375 0.45286805555555554 0.0345703125 0.07170138888888888
2 0.46328125 0.44331944444444443 0.028125 0.07691666666666666