0 0.496875 0.5894722222222223 0.025 0.14006250000000003
0 0.4703125 0.5262916666666667 0.01875 0.11091666666666669
0 0.42529296875 0.5582291666666667 0.0322265625 0.14701388888888892
0 0.39287109375 0.5356597222222222 0.0298828125 0.1366041666666667
4 0.1330078125 0.9224166666666667 0.066796875 0.132326388888889
4 0.075390625 0.7776388888888889 0.04140625 0.1830555555555555
4 0.01494140625 0.7963888888888888 0.0201171875 0.19277083333333336
4 0.036328125 0.813048611111111 0.02578125 0.17054861111111122
4 0.12294921875 0.6050972222222223 0.0369140625 0.15047222222222226
4 0.0900390625 0.6096111111111111 0.035546875 0.16643750000000004
4 0.05078125 0.6049236111111111 0.03125 0.1674791666666667
5 0.617578125 0.9194444444444444 0.11015625 0.16111111111111112
2 0.44140625 0.9359375 0.1328125 0.128125
2 0.246875 0.8694652777777777 0.15 0.2104583333333333
2 0.30546875 0.7050833333333334 0.1109375 0.16988194444444435
2 0.30068359375 0.5729861111111111 0.0876953125 0.14527083333333338
2 0.3396484375 0.49504166666666666 0.066015625 0.11786805555555557
2 0.56328125 0.5137916666666666 0.0875 0.12758333333333335
2 0.542578125 0.4217916666666667 0.08515625 0.07553472222222221
2 0.4458984375 0.417625 0.075390625 0.09497222222222222
2 0.34853515625 0.4195347222222222 0.0857421875 0.10226388888888888
2 0.3658203125 0.3605208333333333 0.071484375 0.06756249999999997
2 0.44482421875 0.3290972222222222 0.0634765625 0.09152777777777775
2 0.5203125 0.30896527777777777 0.0640625 0.07903472222222227
2 0.5681640625 0.7434444444444444 0.124609375 0.20146527777777787
2 0.36953125 0.2902152777777778 0.059375 0.08320833333333337
2 0.446875 0.2645277777777778 0.0421875 0.04572222222222225
2 0.50185546875 0.25306944444444446 0.0447265625 0.04363888888888891
2 0.45078125 0.23015972222222222 0.0578125 0.03947916666666668