2 0.57734375 0.7128888888888889 0.1 0.20980555555555547
2 0.549609375 0.5679513888888889 0.08359375 0.09701388888888893
2 0.52216796875 0.36954166666666666 0.0697265625 0.09949999999999998
2 0.5087890625 0.2978541666666667 0.060546875 0.05681944444444448
2 0.42890625 0.19717361111111112 0.0375 0.04990277777777779
0 0.45869140625 0.22234722222222222 0.0169921875 0.05510416666666668
2 0.44375 0.2693888888888889 0.059375 0.05543750000000003
2 0.38193359375 0.25133333333333335 0.0470703125 0.07488194444444447
2 0.36220703125 0.31729166666666664 0.0505859375 0.08181249999999997
2 0.441015625 0.32944444444444443 0.06171875 0.05750694444444441
2 0.43154296875 0.4027013888888889 0.0603515625 0.08595138888888888
2 0.43134765625 0.5106666666666667 0.0638671875 0.1282777777777778
2 0.4251953125 0.6089166666666667 0.080859375 0.10950000000000004
2 0.3490234375 0.3846458333333333 0.069140625 0.07762499999999999
2 0.33828125 0.4381111111111111 0.0671875 0.10121527777777778
2 0.3177734375 0.5262916666666667 0.069140625 0.11091666666666669
2 0.27802734375 0.6215902777777778 0.0814453125 0.1313680555555556
2 0.277734375 0.7792013888888889 0.13359375 0.18270833333333328
2 0.215625 0.928125 0.1421875 0.14375
0 0.36904296875 0.6769652777777777 0.0291015625 0.13447916666666665
0 0.42080078125 0.7299027777777778 0.0349609375 0.19522222222222216
0 0.46240234375 0.6845972222222222 0.0283203125 0.13586805555555553
0 0.450390625 0.8632152777777777 0.03984375 0.2118472222222222
4 0.103125 0.6073541666666666 0.034375 0.15151388888888892
4 0.05078125 0.5750694444444444 0.03125 0.13554861111111116
4 0.0755859375 0.6238402777777778 0.022265625 0.16018750000000004
4 0.04111328125 0.7953402777777777 0.0568359375 0.21152083333333335