1 0.20224056603773585 0.47056485355648536 0.3946580188679246 0.940418410041841
0 0.698313679245283 0.6504811715481171 0.11320754716981132 0.42163179916317983
4 0.9545990566037735 0.5351255230125522 0.044021226415094254 0.12811715481171543
4 0.9135259433962264 0.5427824267782426 0.036556603773584904 0.15738493723849376
4 0.8828655660377358 0.5371966527196652 0.014540094339622556 0.13230125523012554
4 0.8523938679245283 0.5431380753138075 0.03616745283018877 0.13717573221757315
0 0.4970518867924528 0.5406903765690376 0.0251533018867925 0.08349372384937231
2 0.6059316037735849 0.5623012552301254 0.06996462264150942 0.11276150627615059
2 0.7659198113207547 0.537907949790795 0.07547169811320754 0.11974895397489542
2 0.5570990566037736 0.5408786610878662 0.021426886792452783 0.06640167364016739
2 0.42620283018867927 0.5581171548117154 0.04265330188679241 0.13228033472803352
2 0.46079009433962265 0.5408786610878662 0.01748820754716986 0.06640167364016739