4 0.14169921875 0.5094375 0.0666015625 0.3584513888888888
4 0.27666015625 0.5226388888888889 0.0373046875 0.17653472222222225
4 0.31435546875 0.5879027777777778 0.0369140625 0.30704861111111104
4 0.3568359375 0.6158472222222222 0.030078125 0.3455763888888888
4 0.49306640625 0.5274930555555556 0.0732421875 0.2695694444444445
0 0.5041015625 0.6637638888888889 0.293359375 0.20530555555555563
0 0.75693359375 0.6396388888888889 0.1955078125 0.2063472222222223
4 0.61611328125 0.5530138888888889 0.0349609375 0.2129791666666667
4 0.69501953125 0.5165694444444444 0.0396484375 0.11924305555555557
4 0.52880859375 0.4945277777777778 0.0439453125 0.09946527777777779
4 0.4193359375 0.5089305555555556 0.022265625 0.15952083333333336
2 0.218359375 0.4972986111111111 0.09296875 0.17445833333333335
4 0.758984375 0.5193472222222222 0.02578125 0.15257638888888891