1 0.39622641509433965 0.4998953974895397 0.09472877358490571 0.20412133891213394
2 0.6735495283018867 0.5718828451882846 0.1580188679245283 0.19119246861924682
4 0.4829952830188679 0.5629916317991632 0.05011792452830189 0.3512133891213389
3 0.46069575471698115 0.6752510460251046 0.14504716981132076 0.29679916317991634
4 0.03734669811320755 0.5546234309623431 0.045200471698113205 0.22292887029288697
4 0.08018867924528301 0.5499372384937239 0.028691037735849047 0.19608786610878665
4 0.1287382075471698 0.5523640167364016 0.051096698113207564 0.19399581589958162
4 0.182688679245283 0.5459205020920502 0.023384433962264133 0.14274058577405863
4 0.2134433962264151 0.5370292887029289 0.02791273584905662 0.13543933054393306
4 0.2580542452830189 0.5433054393305439 0.018867924528301886 0.10615062761506278
4 0.29471698113207545 0.5385983263598326 0.01945754716981129 0.10719665271966529
2 0.8817806603773585 0.714623430962343 0.22267688679245273 0.4801673640167364
2 0.5700707547169811 0.5447071129707113 0.04737028301886788 0.0949790794979079
6 0.7131485849056604 0.3114644351464435 0.02692216981132067 0.10968619246861926
6 0.7510849056603773 0.36951882845188283 0.020247641509434047 0.06889121338912135