2 0.7787109375 0.4999027777777778 0.201953125 0.14147222222222225
2 0.921875 0.49156944444444445 0.15625 0.1387013888888889
2 0.23583984375 0.46484027777777776 0.0751953125 0.0921875
2 0.1169921875 0.4421041666666667 0.034765625 0.04323611111111111
2 0.60263671875 0.48046527777777776 0.1056640625 0.13036805555555556
2 0.51337890625 0.4589375 0.0794921875 0.10121527777777778
2 0.37412109375 0.45877083333333335 0.0548828125 0.06267361111111111
2 0.33740234375 0.45130555555555557 0.0361328125 0.04427777777777777
2 0.669140625 0.4525208333333333 0.05703125 0.07795138888888889
2 0.15791015625 0.4374166666666667 0.0248046875 0.04428472222222221
4 0.08583984375 0.44366666666666665 0.0251953125 0.08455555555555555
2 0.46123046875 0.4459236111111111 0.0416015625 0.05781944444444444