0 0.40244140625 0.45945833333333336 0.0294921875 0.10572222222222223
0 0.441796875 0.48168055555555556 0.02421875 0.10850000000000001
0 0.496875 0.49817361111111114 0.025 0.08939583333333334
0 0.483203125 0.46952777777777777 0.01328125 0.07725694444444445
0 0.499609375 0.9411458333333333 0.03828125 0.11770833333333333
2 0.4646484375 0.7769444444444444 0.105078125 0.18166666666666662
2 0.56015625 0.6269652777777778 0.0890625 0.14560416666666673
2 0.5572265625 0.4615416666666667 0.071484375 0.1098888888888889
2 0.541796875 0.38308333333333333 0.06796875 0.06408333333333331
2 0.44638671875 0.3983611111111111 0.0587890625 0.08074305555555554
2 0.52265625 0.28778472222222223 0.053125 0.07140277777777781
2 0.44990234375 0.30236805555555557 0.0501953125 0.05890277777777781
2 0.506640625 0.24473611111111113 0.04453125 0.026979166666666683
2 0.3849609375 0.3013263888888889 0.055078125 0.09153472222222227
2 0.45166015625 0.246125 0.0498046875 0.02975694444444446
2 0.35712890625 0.35809027777777774 0.0638671875 0.055763888888888856
2 0.35302734375 0.4013125 0.0673828125 0.06929166666666665
2 0.34814453125 0.4742152777777778 0.0693359375 0.07620833333333334
2 0.31552734375 0.5493750000000001 0.0783203125 0.12583333333333335
2 0.31875 0.6760972222222221 0.0984375 0.13621527777777775
2 0.2654296875 0.8278055555555556 0.105078125 0.19658333333333328
0 0.179296875 0.8920347222222222 0.03828125 0.1792083333333333
5 0.60703125 0.8054097222222222 0.0890625 0.2108194444444444
4 0.13173828125 0.6037083333333334 0.0349609375 0.16158333333333338
4 0.09501953125 0.6089166666666667 0.0318359375 0.1511666666666667
4 0.05712890625 0.614638888888889 0.0341796875 0.18692361111111117
4 0.04091796875 0.7982986111111111 0.0291015625 0.18617361111111114
4 0.09638671875 0.7889236111111111 0.0306640625 0.21603472222222225