2 0.59453125 0.8344027777777777 0.134375 0.21671527777777788
2 0.568359375 0.6597777777777778 0.10546875 0.12441666666666672
2 0.52431640625 0.41727777777777775 0.0779296875 0.10122222222222221
2 0.52236328125 0.3353472222222222 0.0583984375 0.06236111111111108
2 0.51875 0.29334027777777777 0.053125 0.054736111111111145
2 0.4189453125 0.7193194444444444 0.083984375 0.14974305555555564
2 0.42470703125 0.5827013888888889 0.0818359375 0.13693750000000005
2 0.436328125 0.45164583333333336 0.07578125 0.10746527777777778
2 0.44296875 0.36225694444444445 0.05 0.06409027777777775
2 0.44140625 0.2962916666666667 0.046875 0.0710555555555556
2 0.42880859375 0.2173125 0.0392578125 0.06239583333333335
2 0.375390625 0.26938194444444447 0.04765625 0.06932638888888892
2 0.35859375 0.3353472222222222 0.053125 0.06236111111111108
2 0.3451171875 0.3994027777777778 0.061328125 0.06199999999999998
2 0.32529296875 0.46431944444444445 0.0666015625 0.0876736111111111
2 0.31064453125 0.5613541666666667 0.0646484375 0.09077083333333336
2 0.2662109375 0.6635972222222223 0.083203125 0.12511111111111117
2 0.2630859375 0.8382222222222222 0.116015625 0.17574999999999996
0 0.3599609375 0.8120138888888888 0.028515625 0.16152083333333345
0 0.40830078125 0.8916666666666667 0.0412109375 0.21666666666666667
0 0.4654296875 0.8274583333333333 0.036328125 0.1750555555555555
4 0.100390625 0.6245347222222223 0.02890625 0.16157638888888895
4 0.06640625 0.630263888888889 0.0390625 0.15567361111111117
4 0.022265625 0.8213819444444445 0.04453125 0.2288680555555556