0 0.40751953125 0.4181458333333333 0.0240234375 0.09948611111111111
0 0.4466796875 0.4415833333333333 0.022265625 0.09427083333333333
0 0.484375 0.43151388888888886 0.015625 0.08108333333333333
0 0.50126953125 0.45650694444444445 0.0162109375 0.08940972222222222
0 0.50224609375 0.8038472222222222 0.0376953125 0.19728472222222224
2 0.5220703125 0.27771527777777777 0.048046875 0.08598611111111115
2 0.4576171875 0.2848333333333333 0.051953125 0.06897222222222225
2 0.3919921875 0.2839652777777778 0.053515625 0.05682638888888892
2 0.4548828125 0.23084722222222223 0.038671875 0.040868055555555574
2 0.36162109375 0.3870763888888889 0.0533203125 0.07554166666666665
2 0.45283203125 0.3527083333333333 0.0599609375 0.06929861111111109
2 0.52783203125 0.34125 0.0458984375 0.0533333333333333
2 0.55068359375 0.40929166666666666 0.0642578125 0.10608333333333332
2 0.56064453125 0.5512847222222222 0.0724609375 0.1053541666666667
2 0.498046875 0.6299236111111112 0.07421875 0.13414583333333338
2 0.35517578125 0.457375 0.0599609375 0.11544444444444445
2 0.32275390625 0.5245555555555556 0.0732421875 0.10050000000000002
2 0.3310546875 0.6481458333333333 0.087890625 0.1254583333333334
2 0.2873046875 0.785625 0.109765625 0.17819444444444438
2 0.44189453125 0.9211805555555556 0.1162109375 0.15763888888888888
2 0.61171875 0.8934027777777778 0.1375 0.21319444444444444
5 0.58994140625 0.6944930555555556 0.0763671875 0.16606944444444452
3 0.2109375 0.8359652777777777 0.0390625 0.18859722222222217
4 0.1056640625 0.7788541666666666 0.058984375 0.18895833333333328
4 0.02099609375 0.8151319444444444 0.0283203125 0.17471527777777787
4 0.03984375 0.7939583333333333 0.025 0.1393055555555555
4 0.051953125 0.7611527777777778 0.04140625 0.16049305555555565
4 0.128515625 0.5912083333333333 0.03046875 0.15047222222222226
4 0.0943359375 0.6099583333333334 0.028515625 0.16018750000000004
4 0.0546875 0.6014513888888889 0.0390625 0.16054166666666672